seq_ID	seq_start	seq_end	depth	GC	A	T	G	C
tig00000001	1	2000	679	58.5	20.5	21.0	27.3	31.2
tig00000001	2001	4000	745	56.65	19.75	23.6	27.85	28.8
tig00000001	4001	6000	973	57.15	21.25	21.6	28.7	28.45
tig00000001	6001	8000	982	57.95	22.7	19.35	31.0	26.95
tig00000001	8001	10000	1099	53.15	24.6	22.25	24.75	28.4
tig00000001	10001	12000	916	57.5	22.35	20.15	26.85	30.65
tig00000001	12001	14000	841	53.55	22.2	24.25	26.2	27.35
tig00000001	14001	16000	903	49.1	22.55	28.35	22.85	26.25
tig00000001	16001	18000	1369	58.8	21.0	20.2	29.2	29.6
tig00000001	18001	20000	2283	59.15	22.35	18.5	25.5	33.65
tig00000001	20001	22000	2076	59.7	22.0	18.3	26.55	33.15
tig00000001	22001	24000	2298	59.3	22.0	18.7	28.0	31.3
tig00000001	24001	26000	2013	58.05	22.15	19.8	26.3	31.75
tig00000001	26001	28000	2208	55.75	19.05	25.2	27.3	28.45
tig00000001	28001	30000	2138	56.65	20.15	23.2	28.95	27.7
tig00000001	30001	32000	2219	60.4	19.5	20.1	28.55	31.85
tig00000001	32001	34000	2187	58.35	19.1	22.55	28.3	30.05
tig00000001	34001	36000	2129	56.9	18.65	24.45	26.6	30.3
tig00000001	36001	38000	2184	60.3	18.65	21.05	31.1	29.2
tig00000001	38001	40000	2304	58.8	20.35	20.85	28.75	30.05
tig00000001	40001	42000	2218	60.95	17.4	21.65	30.9	30.05
tig00000001	42001	44000	2173	60.05	19.3	20.65	29.6	30.45
tig00000001	44001	46000	2246	58.15	24.25	17.6	26.45	31.7
tig00000001	46001	48000	2254	60.8	18.4	20.8	28.35	32.45
tig00000001	48001	50000	2198	58.55	21.7	19.75	28.25	30.3
tig00000001	50001	52000	2169	59.25	22.25	18.5	29.5	29.75
tig00000001	52001	54000	2220	58.4	19.6	22.0	28.3	30.1
tig00000001	54001	56000	2153	58.55	20.25	21.2	28.25	30.3
tig00000001	56001	58000	2430	59.0	24.15	16.85	27.85	31.15
tig00000001	58001	60000	2251	58.1	22.55	19.35	28.6	29.5
tig00000001	60001	62000	2028	58.85	22.7	18.45	25.65	33.2
tig00000001	62001	64000	2186	58.75	19.95	21.3	28.4	30.35
tig00000001	64001	66000	2069	57.8	20.05	22.15	26.7	31.1
tig00000001	66001	68000	2169	59.5	19.05	21.45	27.85	31.65
tig00000001	68001	70000	2398	60.1	19.65	20.25	27.25	32.85
tig00000001	70001	72000	2409	59.1	21.35	19.55	28.7	30.4
tig00000001	72001	74000	2241	60.35	16.95	22.7	30.8	29.55
tig00000001	74001	76000	2469	61.2	18.8	20.0	30.4	30.8
tig00000001	76001	78000	1735	60.0	20.35	19.65	30.4	29.6
tig00000001	78001	80000	2214	60.4	17.55	22.05	29.4	31.0
tig00000001	80001	82000	2328	60.0	19.2	20.8	29.1	30.9
tig00000001	82001	84000	2168	61.15	18.55	20.3	28.65	32.5
tig00000001	84001	86000	2277	60.25	20.35	19.4	31.35	28.9
tig00000001	86001	88000	2137	62.6	19.85	17.55	30.15	32.45
tig00000001	88001	90000	2334	61.65	21.55	16.8	31.9	29.75
tig00000001	90001	92000	2103	58.45	22.9	18.65	27.7	30.75
tig00000001	92001	94000	2247	60.0	21.5	18.5	28.75	31.25
tig00000001	94001	96000	2490	59.8	21.85	18.35	27.45	32.35
tig00000001	96001	98000	2362	60.95	17.55	21.5	30.3	30.65
tig00000001	98001	100000	2332	61.65	20.45	17.9	29.7	31.95
tig00000001	100001	102000	2069	60.9	19.5	19.6	30.2	30.7
tig00000001	102001	104000	2359	59.7	19.95	20.35	26.75	32.95
tig00000001	104001	106000	2264	59.7	18.15	22.15	28.6	31.1
tig00000001	106001	108000	2443	62.8	18.75	18.45	30.2	32.6
tig00000001	108001	110000	2162	61.1	19.7	19.2	29.65	31.45
tig00000001	110001	112000	2217	61.55	17.5	20.95	30.6	30.95
tig00000001	112001	114000	2192	58.55	19.6	21.85	26.65	31.9
tig00000001	114001	116000	2253	60.2	20.25	19.55	27.6	32.6
tig00000001	116001	118000	2294	59.2	20.1	20.7	29.3	29.9
tig00000001	118001	120000	2335	60.3	20.1	19.6	30.2	30.1
tig00000001	120001	122000	2577	61.75	19.5	18.75	30.3	31.45
tig00000001	122001	124000	2284	59.25	21.75	19.0	29.35	29.9
tig00000001	124001	126000	2519	62.75	19.05	18.2	31.9	30.85
tig00000001	126001	128000	2149	59.7	18.8	21.5	29.85	29.85
tig00000001	128001	130000	2322	59.45	21.5	19.05	29.55	29.9
tig00000001	130001	132000	2309	59.25	19.5	21.25	29.7	29.55
tig00000001	132001	134000	2136	59.25	20.95	19.8	28.9	30.35
tig00000001	134001	136000	2464	62.45	19.75	17.8	29.85	32.6
tig00000001	136001	138000	2349	61.95	20.4	17.65	30.5	31.45
tig00000001	138001	140000	2512	60.0	21.05	18.95	28.6	31.4
tig00000001	140001	142000	2490	61.65	21.45	16.9	29.05	32.6
tig00000001	142001	144000	2231	59.0	21.1	19.9	26.2	32.8
tig00000001	144001	146000	2435	60.5	18.15	21.35	28.95	31.55
tig00000001	146001	148000	2621	63.55	18.95	17.5	31.35	32.2
tig00000001	148001	150000	2311	61.95	17.1	20.95	31.25	30.7
tig00000001	150001	152000	2189	60.55	18.35	21.1	29.05	31.5
tig00000001	152001	154000	2346	60.2	17.8	22.0	30.85	29.35
tig00000001	154001	156000	2457	58.9	17.85	23.25	27.45	31.45
tig00000001	156001	158000	2489	61.15	19.8	19.05	28.65	32.5
tig00000001	158001	160000	2335	60.6	18.35	21.05	31.25	29.35
tig00000001	160001	162000	2260	59.65	16.8	23.55	28.85	30.8
tig00000001	162001	164000	2254	61.85	17.15	21.0	30.7	31.15
tig00000001	164001	166000	2446	60.0	19.75	20.25	28.6	31.4
tig00000001	166001	168000	2415	63.2	19.95	16.85	30.3	32.9
tig00000001	168001	170000	2460	62.3	20.5	17.2	31.4	30.9
tig00000001	170001	172000	2205	61.15	20.4	18.45	31.5	29.65
tig00000001	172001	174000	2420	61.45	20.5	18.05	28.05	33.4
tig00000001	174001	176000	2426	63.5	17.8	18.7	29.7	33.8
tig00000001	176001	178000	2407	62.5	21.55	15.95	29.1	33.4
tig00000001	178001	180000	2360	61.4	21.6	17.0	30.15	31.25
tig00000001	180001	182000	2405	62.9	16.9	20.2	30.65	32.25
tig00000001	182001	184000	2612	61.9	17.05	21.05	29.7	32.2
tig00000001	184001	186000	2245	61.15	16.2	22.65	27.9	33.25
tig00000001	186001	188000	2438	61.15	20.95	17.9	28.85	32.3
tig00000001	188001	190000	2222	59.55	21.4	19.05	29.0	30.55
tig00000001	190001	192000	2315	62.6	18.45	18.95	30.85	31.75
tig00000001	192001	194000	2350	61.75	15.15	23.1	29.2	32.55
tig00000001	194001	196000	2293	59.15	18.75	22.1	27.85	31.3
tig00000001	196001	198000	2306	60.95	18.65	20.4	28.25	32.7
tig00000001	198001	200000	2434	59.9	20.8	19.3	25.45	34.45
tig00000001	200001	202000	2329	60.05	20.75	19.2	28.4	31.65
tig00000001	202001	204000	2373	62.7	18.8	18.5	30.35	32.35
tig00000001	204001	206000	2547	63.2	17.4	19.4	31.45	31.75
tig00000001	206001	208000	2136	59.7	20.85	19.45	30.0	29.7
tig00000001	208001	210000	2219	60.25	21.6	18.15	31.3	28.95
tig00000001	210001	212000	2398	60.5	20.2	19.3	32.1	28.4
tig00000001	212001	214000	2172	59.35	18.55	22.1	28.7	30.65
tig00000001	214001	216000	2374	61.25	18.7	20.05	31.4	29.85
tig00000001	216001	218000	1948	66.35	16.7	16.95	33.15	33.2
tig00000001	218001	220000	2572	61.3	18.45	20.25	31.95	29.35
tig00000001	220001	222000	1981	62.2	20.2	17.6	32.4	29.8
tig00000001	222001	224000	2410	62.8	19.05	18.15	29.9	32.9
tig00000001	224001	226000	2213	59.65	19.0	21.35	30.6	29.05
tig00000001	226001	228000	2414	62.35	18.35	19.3	31.7	30.65
tig00000001	228001	230000	2503	63.35	19.85	16.8	30.55	32.8
tig00000001	230001	232000	2490	62.65	18.0	19.35	30.55	32.1
tig00000001	232001	234000	2374	62.55	18.7	18.75	29.2	33.35
tig00000001	234001	236000	2502	61.75	17.6	20.65	27.6	34.15
tig00000001	236001	238000	2058	57.5	20.3	22.2	28.8	28.7
tig00000001	238001	240000	2390	61.8	19.55	18.65	30.75	31.05
tig00000001	240001	242000	2264	58.25	20.45	21.3	31.1	27.15
tig00000001	242001	244000	2361	60.25	17.55	22.2	28.9	31.35
tig00000001	244001	246000	2371	62.8	20.25	16.95	30.1	32.7
tig00000001	246001	248000	2343	63.0	20.05	16.95	32.5	30.5
tig00000001	248001	250000	2696	62.05	18.65	19.3	30.1	31.95
tig00000001	250001	252000	2302	63.2	18.05	18.75	31.45	31.75
tig00000001	252001	254000	2312	61.35	20.4	18.25	32.2	29.15
tig00000001	254001	256000	2704	62.95	19.2	17.85	32.15	30.8
tig00000001	256001	258000	2420	60.1	19.7	20.2	28.15	31.95
tig00000001	258001	260000	2360	59.6	16.8	23.6	29.95	29.65
tig00000001	260001	262000	2171	62.3	20.5	17.2	28.65	33.65
tig00000001	262001	264000	1912	60.15	21.4	18.45	28.2	31.95
tig00000001	264001	266000	2252	59.15	21.35	19.5	26.95	32.2
tig00000001	266001	268000	2432	60.2	20.7	19.1	28.75	31.45
tig00000001	268001	270000	2382	59.25	22.4	18.35	29.2	30.05
tig00000001	270001	272000	2510	62.35	18.35	19.3	26.55	35.8
tig00000001	272001	274000	2208	57.8	20.35	21.85	26.8	31.0
tig00000001	274001	276000	2414	62.25	21.6	16.15	31.05	31.2
tig00000001	276001	278000	2547	61.65	21.75	16.6	29.4	32.25
tig00000001	278001	280000	2354	59.55	21.05	19.4	27.3	32.25
tig00000001	280001	282000	2254	58.75	20.6	20.65	26.25	32.5
tig00000001	282001	284000	2617	61.4	26.0	12.6	26.15	35.25
tig00000001	284001	286000	2335	58.15	27.8	14.05	23.3	34.85
tig00000001	286001	288000	2301	58.6	23.55	17.85	28.6	30.0
tig00000001	288001	290000	2307	60.7	19.85	19.45	28.8	31.9
tig00000001	290001	292000	2281	60.9	22.55	16.55	29.15	31.75
tig00000001	292001	294000	2243	61.35	17.35	21.3	33.3	28.05
tig00000001	294001	296000	2322	61.4	16.35	22.25	29.55	31.85
tig00000001	296001	298000	2522	63.55	16.95	19.5	31.8	31.75
tig00000001	298001	300000	2439	61.1	21.5	17.4	29.35	31.75
tig00000001	300001	302000	2437	62.05	19.45	18.5	29.45	32.6
tig00000001	302001	304000	2688	61.65	19.3	19.05	28.25	33.4
tig00000001	304001	306000	2387	61.45	17.75	20.8	29.55	31.9
tig00000001	306001	308000	2464	61.35	17.0	21.65	28.6	32.75
tig00000001	308001	310000	2589	61.2	20.85	17.95	27.35	33.85
tig00000001	310001	312000	2540	61.05	21.4	17.55	29.2	31.85
tig00000001	312001	314000	2139	57.8	23.35	18.85	26.25	31.55
tig00000001	314001	316000	2307	59.85	22.65	17.5	27.4	32.45
tig00000001	316001	318000	2349	61.9	18.65	19.45	30.9	31.0
tig00000001	318001	320000	2559	61.95	19.05	19.0	28.5	33.45
tig00000001	320001	322000	2698	63.05	18.85	18.1	32.1	30.95
tig00000001	322001	324000	2213	63.05	18.95	18.0	31.8	31.25
tig00000001	324001	326000	2319	59.05	21.9	19.05	29.2	29.85
tig00000001	326001	328000	2490	61.25	20.35	18.4	29.55	31.7
tig00000001	328001	330000	2647	62.0	17.25	20.75	31.15	30.85
tig00000001	330001	332000	2468	62.8	16.9	20.3	32.15	30.65
tig00000001	332001	334000	1976	60.5	19.6	19.9	30.95	29.55
tig00000001	334001	336000	2500	58.8	19.35	21.85	25.45	33.35
tig00000001	336001	338000	2377	60.0	18.8	21.2	29.7	30.3
tig00000001	338001	340000	2494	59.15	16.8	24.05	29.6	29.55
tig00000001	340001	342000	2404	60.45	18.15	21.4	30.25	30.2
tig00000001	342001	344000	2394	61.75	18.5	19.75	29.25	32.5
tig00000001	344001	346000	2287	61.35	19.05	19.6	30.45	30.9
tig00000001	346001	348000	2526	62.2	22.3	15.5	31.0	31.2
tig00000001	348001	350000	2435	59.8	21.4	18.8	28.2	31.6
tig00000001	350001	352000	2466	60.0	20.65	19.35	26.5	33.5
tig00000001	352001	354000	2505	62.8	19.2	18.0	28.35	34.45
tig00000001	354001	356000	2642	63.8	20.75	15.45	29.65	34.15
tig00000001	356001	358000	2401	61.55	20.15	18.3	29.7	31.85
tig00000001	358001	360000	2437	61.4	18.05	20.55	29.85	31.55
tig00000001	360001	362000	2466	63.25	16.6	20.15	31.1	32.15
tig00000001	362001	364000	2333	60.45	16.8	22.75	30.5	29.95
tig00000001	364001	366000	2419	58.15	18.25	23.6	25.85	32.3
tig00000001	366001	368000	2472	61.7	21.45	16.85	33.1	28.6
tig00000001	368001	370000	2542	62.3	17.0	20.7	31.55	30.75
tig00000001	370001	372000	2284	63.1	19.75	17.15	30.05	33.05
tig00000001	372001	374000	2473	62.05	17.2	20.75	29.15	32.9
tig00000001	374001	376000	2464	62.3	19.35	18.35	30.1	32.2
tig00000001	376001	378000	2330	60.4	17.15	22.45	28.45	31.95
tig00000001	378001	380000	2578	61.4	19.5	19.1	28.9	32.5
tig00000001	380001	382000	2509	61.55	20.4	18.05	29.05	32.5
tig00000001	382001	384000	2565	61.0	20.2	18.8	29.1	31.9
tig00000001	384001	386000	2438	60.25	17.85	21.9	30.1	30.15
tig00000001	386001	388000	2341	55.15	22.65	22.2	25.5	29.65
tig00000001	388001	390000	1880	60.6	17.55	21.85	29.45	31.15
tig00000001	390001	392000	2226	60.45	21.75	17.8	23.4	37.05
tig00000001	392001	394000	2630	58.75	23.65	17.6	22.65	36.1
tig00000001	394001	396000	2198	63.2	20.55	16.25	27.4	35.8
tig00000001	396001	398000	2607	63.8	20.55	15.65	31.9	31.9
tig00000001	398001	400000	2499	61.0	18.95	20.05	29.2	31.8
tig00000001	400001	402000	2554	60.35	22.55	17.1	27.9	32.45
tig00000001	402001	404000	2420	61.25	14.0	24.75	31.25	30.0
tig00000001	404001	406000	2326	61.3	18.15	20.55	29.0	32.3
tig00000001	406001	408000	2521	61.8	18.9	19.3	30.75	31.05
tig00000001	408001	410000	2618	61.5	16.15	22.35	30.5	31.0
tig00000001	410001	412000	2351	62.65	15.0	22.35	31.45	31.2
tig00000001	412001	414000	2724	62.55	16.0	21.45	31.35	31.2
tig00000001	414001	416000	2552	61.1	19.45	19.45	31.45	29.65
tig00000001	416001	418000	2396	60.25	20.75	19.0	29.55	30.7
tig00000001	418001	420000	2289	52.3	25.9	21.8	24.7	27.6
tig00000001	420001	422000	1934	50.1	24.85	25.05	22.5	27.6
tig00000001	422001	424000	1993	50.6	24.5	24.9	22.15	28.45
tig00000001	424001	426000	1931	49.95	24.65	25.4	23.15	26.8
tig00000001	426001	428000	2084	47.25	27.85	24.9	18.55	28.7
tig00000001	428001	430000	1941	53.9	23.15	22.95	24.95	28.95
tig00000001	430001	432000	2473	61.55	18.05	20.4	30.15	31.4
tig00000001	432001	434000	2505	63.2	15.25	21.55	34.95	28.25
tig00000001	434001	436000	2700	63.65	16.7	19.65	33.2	30.45
tig00000001	436001	438000	2416	58.55	20.6	20.85	30.9	27.65
tig00000001	438001	440000	2430	61.0	19.5	19.5	30.75	30.25
tig00000001	440001	442000	2382	61.3	17.25	21.45	31.55	29.75
tig00000001	442001	444000	2533	61.45	22.05	16.5	31.5	29.95
tig00000001	444001	446000	2540	61.9	19.95	18.15	30.8	31.1
tig00000001	446001	448000	2870	62.95	18.75	18.3	29.5	33.45
tig00000001	448001	450000	2567	62.05	20.25	17.7	31.0	31.05
tig00000001	450001	452000	2746	61.95	16.75	21.3	29.05	32.9
tig00000001	452001	454000	2572	61.2	17.7	21.1	28.9	32.3
tig00000001	454001	456000	2409	63.35	15.65	21.0	34.4	28.95
tig00000001	456001	458000	2583	63.0	16.0	21.0	31.8	31.2
tig00000001	458001	460000	2829	62.5	16.15	21.35	31.4	31.1
tig00000001	460001	462000	2762	63.95	20.0	16.05	31.85	32.1
tig00000001	462001	464000	2660	64.7	15.15	20.15	31.0	33.7
tig00000001	464001	466000	2714	64.65	16.85	18.5	30.35	34.3
tig00000001	466001	468000	2571	62.8	16.7	20.5	29.6	33.2
tig00000001	468001	470000	2614	64.35	16.75	18.9	31.65	32.7
tig00000001	470001	472000	2684	63.45	19.75	16.8	29.8	33.65
tig00000001	472001	474000	2689	66.35	19.05	14.6	30.55	35.8
tig00000001	474001	476000	2485	63.2	21.5	15.3	29.8	33.4
tig00000001	476001	478000	2819	62.75	22.05	15.2	28.35	34.4
tig00000001	478001	480000	2622	62.65	22.05	15.3	28.9	33.75
tig00000001	480001	482000	2753	64.05	16.55	19.4	31.4	32.65
tig00000001	482001	484000	2883	63.4	18.85	17.75	31.15	32.25
tig00000001	484001	486000	2405	61.7	18.8	19.5	30.35	31.35
tig00000001	486001	488000	2349	64.75	16.65	18.6	33.25	31.5
tig00000001	488001	490000	2475	62.75	16.5	20.75	32.05	30.7
tig00000001	490001	492000	2568	64.85	15.7	19.45	32.75	32.1
tig00000001	492001	494000	2545	62.65	16.9	20.45	32.2	30.45
tig00000001	494001	496000	2588	63.75	18.15	18.1	29.65	34.1
tig00000001	496001	498000	2432	62.1	18.5	19.4	30.3	31.8
tig00000001	498001	500000	2539	63.45	16.6	19.95	30.6	32.85
tig00000001	500001	502000	2641	64.95	16.35	18.7	32.65	32.3
tig00000001	502001	504000	2636	61.15	19.55	19.3	28.3	32.85
tig00000001	504001	506000	2423	61.8	19.95	18.25	28.2	33.6
tig00000001	506001	508000	2468	61.3	18.35	20.35	29.95	31.35
tig00000001	508001	510000	2565	60.55	18.05	21.4	27.55	33.0
tig00000001	510001	512000	2520	63.45	17.2	19.35	28.95	34.5
tig00000001	512001	514000	2680	63.6	16.05	20.35	30.95	32.65
tig00000001	514001	516000	2577	64.2	17.0	18.8	30.55	33.65
tig00000001	516001	518000	2566	62.25	16.45	21.3	30.05	32.2
tig00000001	518001	520000	2721	64.9	15.2	19.9	30.5	34.4
tig00000001	520001	522000	2654	59.35	22.75	17.9	27.6	31.75
tig00000001	522001	524000	2398	58.5	22.95	18.55	28.85	29.65
tig00000001	524001	526000	2074	51.55	25.85	22.6	24.8	26.75
tig00000001	526001	528000	2349	54.85	23.0	22.15	24.6	30.25
tig00000001	528001	530000	2178	54.65	19.4	25.95	26.15	28.5
tig00000001	530001	532000	2315	57.85	20.2	21.95	27.45	30.4
tig00000001	532001	534000	2325	55.75	20.7	23.55	27.2	28.55
tig00000001	534001	536000	1999	48.05	28.95	23.0	22.45	25.6
tig00000001	536001	538000	2091	52.45	24.75	22.8	25.6	26.85
tig00000001	538001	540000	2293	54.95	26.05	19.0	25.25	29.7
tig00000001	540001	542000	2134	54.1	22.65	23.25	25.6	28.5
tig00000001	542001	544000	2241	53.35	22.25	24.4	25.8	27.55
tig00000001	544001	546000	1973	43.95	30.2	25.85	20.5	23.45
tig00000001	546001	548000	1861	39.9	30.75	29.35	17.4	22.5
tig00000001	548001	550000	2054	52.05	25.55	22.4	24.0	28.05
tig00000001	550001	552000	2680	61.0	18.9	20.1	27.4	33.6
tig00000001	552001	554000	2265	60.9	20.7	18.4	28.85	32.05
tig00000001	554001	556000	2678	61.65	19.0	19.35	31.6	30.05
tig00000001	556001	558000	1832	45.85	27.45	26.7	21.5	24.35
tig00000001	558001	560000	1796	42.7	30.5	26.8	21.25	21.45
tig00000001	560001	562000	1778	40.7	27.6	31.7	19.0	21.7
tig00000001	562001	564000	2507	58.6	23.3	18.1	27.1	31.5
tig00000001	564001	566000	2468	58.95	22.95	18.1	29.15	29.8
tig00000001	566001	568000	2288	60.05	20.95	19.0	27.9	32.15
tig00000001	568001	570000	2334	57.1	22.8	20.1	26.75	30.35
tig00000001	570001	572000	2138	49.9	23.45	26.65	24.15	25.75
tig00000001	572001	574000	2052	51.2	25.1	23.7	25.3	25.9
tig00000001	574001	576000	2291	56.7	24.95	18.35	29.95	26.75
tig00000001	576001	578000	3744	62.7	19.6	17.7	29.9	32.8
tig00000001	578001	580000	2647	64.25	16.95	18.8	33.35	30.9
tig00000001	580001	582000	2607	63.65	16.9	19.45	32.65	31.0
tig00000001	582001	584000	2590	63.25	15.45	21.3	32.9	30.35
tig00000001	584001	586000	2656	61.2	19.7	19.1	32.35	28.85
tig00000001	586001	588000	2584	62.9	20.45	16.65	32.95	29.95
tig00000001	588001	590000	2718	63.25	16.05	20.7	30.0	33.25
tig00000001	590001	592000	2525	61.75	15.3	22.95	30.2	31.55
tig00000001	592001	594000	1713	60.45	19.8	19.75	31.45	29.0
tig00000001	594001	596000	2452	62.1	17.65	20.25	30.6	31.5
tig00000001	596001	598000	2573	61.2	18.4	20.4	30.7	30.5
tig00000001	598001	600000	2639	59.4	19.0	21.6	28.7	30.7
tig00000001	600001	602000	2363	59.75	21.5	18.75	30.25	29.5
tig00000001	602001	604000	2506	60.1	22.9	17.0	29.7	30.4
tig00000001	604001	606000	2332	54.8	20.55	24.65	26.55	28.25
tig00000001	606001	608000	2197	51.75	25.0	23.25	22.75	29.0
tig00000001	608001	610000	2104	52.4	25.95	21.65	26.75	25.65
tig00000001	610001	612000	2127	48.3	24.1	27.6	21.7	26.6
tig00000001	612001	614000	2177	52.85	23.85	23.3	23.6	29.25
tig00000001	614001	616000	2211	59.65	20.05	20.3	28.45	31.2
tig00000001	616001	618000	2153	55.1	24.45	20.45	27.85	27.25
tig00000001	618001	620000	2456	61.8	17.5	20.7	32.55	29.25
tig00000001	620001	622000	2656	59.85	22.85	17.3	26.75	33.1
tig00000001	622001	624000	2649	61.0	17.7	21.3	29.0	32.0
tig00000001	624001	626000	2501	60.9	16.9	22.2	28.45	32.45
tig00000001	626001	628000	2689	62.85	15.85	21.3	28.45	34.4
tig00000001	628001	630000	2734	61.25	18.0	20.75	28.55	32.7
tig00000001	630001	632000	2430	63.4	21.25	15.35	29.9	33.5
tig00000001	632001	634000	2366	61.35	22.8	15.85	28.5	32.85
tig00000001	634001	636000	2613	60.05	21.5	18.45	28.6	31.45
tig00000001	636001	638000	2545	62.4	20.5	17.1	29.75	32.65
tig00000001	638001	640000	2572	63.4	20.9	15.7	30.65	32.75
tig00000001	640001	642000	2584	60.3	23.0	16.7	28.7	31.6
tig00000001	642001	644000	2511	65.15	18.4	16.45	32.95	32.2
tig00000001	644001	646000	2539	62.05	16.2	21.75	30.5	31.55
tig00000001	646001	648000	2366	58.2	19.4	22.4	27.85	30.35
tig00000001	648001	650000	2598	60.1	16.9	23.0	28.6	31.5
tig00000001	650001	652000	2575	63.45	16.65	19.9	32.4	31.05
tig00000001	652001	654000	2607	63.45	19.5	17.05	29.25	34.2
tig00000001	654001	656000	2746	63.95	16.55	19.5	31.05	32.9
tig00000001	656001	658000	2617	63.8	16.3	19.9	30.55	33.25
tig00000001	658001	660000	2577	64.1	15.3	20.6	31.9	32.2
tig00000001	660001	662000	2716	63.75	16.75	19.5	30.6	33.15
tig00000001	662001	664000	2281	58.85	19.15	22.0	28.8	30.05
tig00000001	664001	666000	2379	58.05	17.6	24.35	29.2	28.85
tig00000001	666001	668000	2441	56.5	20.05	23.45	25.65	30.85
tig00000001	668001	670000	2937	65.05	18.35	16.6	28.0	37.05
tig00000001	670001	672000	2790	64.4	18.3	17.3	32.05	32.35
tig00000001	672001	674000	2530	58.7	20.45	20.85	25.7	33.0
tig00000001	674001	676000	2498	61.55	18.0	20.45	31.15	30.4
tig00000001	676001	678000	2110	60.25	19.8	19.95	28.5	31.75
tig00000001	678001	680000	2385	60.6	22.45	16.95	30.2	30.4
tig00000001	680001	682000	2302	58.4	21.4	20.2	30.25	28.15
tig00000001	682001	684000	2891	58.2	18.45	23.35	30.25	27.95
tig00000001	684001	686000	3617	60.4	18.9	20.7	25.85	34.55
tig00000001	686001	688000	2417	60.3	22.1	17.6	23.5	36.8
tig00000001	688001	690000	2232	58.0	24.15	17.85	24.95	33.05
tig00000001	690001	692000	2539	60.55	20.5	18.95	30.25	30.3
tig00000001	692001	694000	2481	60.55	19.75	19.7	29.2	31.35
tig00000001	694001	696000	2498	59.05	22.85	18.1	27.6	31.45
tig00000001	696001	698000	2418	59.1	22.9	18.0	27.65	31.45
tig00000001	698001	700000	2343	60.85	20.8	18.35	28.75	32.1
tig00000001	700001	702000	2529	58.85	19.75	21.4	26.6	32.25
tig00000001	702001	704000	2711	61.65	21.65	16.7	28.15	33.5
tig00000001	704001	706000	2085	52.8	25.4	21.8	24.55	28.25
tig00000001	706001	708000	2606	61.05	19.45	19.5	29.5	31.55
tig00000001	708001	710000	2231	56.4	22.55	21.05	27.85	28.55
tig00000001	710001	712000	2330	59.25	22.25	18.5	30.05	29.2
tig00000001	712001	714000	2390	60.0	21.5	18.5	30.0	30.0
tig00000001	714001	716000	2560	59.9	22.3	17.8	32.55	27.35
tig00000001	716001	718000	2627	61.05	19.55	19.4	27.05	34.0
tig00000001	718001	720000	2519	58.25	23.45	18.3	27.05	31.2
tig00000001	720001	722000	2446	61.35	20.65	18.0	29.4	31.95
tig00000001	722001	724000	2774	60.65	19.85	19.5	29.75	30.9
tig00000001	724001	726000	2603	63.3	19.45	17.25	32.1	31.2
tig00000001	726001	728000	2638	62.55	17.4	20.05	30.8	31.75
tig00000001	728001	730000	2806	63.3	16.75	19.95	29.25	34.05
tig00000001	730001	732000	2618	60.7	18.25	21.05	31.0	29.7
tig00000001	732001	734000	2365	62.6	18.25	19.15	32.4	30.2
tig00000001	734001	736000	2428	58.85	19.65	21.5	28.75	30.1
tig00000001	736001	738000	2913	61.15	20.0	18.85	29.35	31.8
tig00000001	738001	740000	2919	65.45	18.0	16.55	33.85	31.6
tig00000001	740001	742000	2524	61.4	17.1	21.5	29.3	32.1
tig00000001	742001	744000	2538	59.9	20.15	19.95	27.6	32.3
tig00000001	744001	746000	2523	63.2	18.2	18.6	28.15	35.05
tig00000001	746001	748000	2514	60.65	20.4	18.95	27.0	33.65
tig00000001	748001	750000	2490	64.1	15.65	20.25	29.35	34.75
tig00000001	750001	752000	2238	61.35	14.7	23.95	30.75	30.6
tig00000001	752001	754000	2304	57.95	19.85	22.2	26.7	31.25
tig00000001	754001	756000	2702	61.6	18.85	19.55	30.4	31.2
tig00000001	756001	758000	2559	64.5	15.65	19.85	33.15	31.35
tig00000001	758001	760000	2380	60.45	19.8	19.75	31.9	28.55
tig00000001	760001	762000	2473	60.35	19.8	19.85	30.85	29.5
tig00000001	762001	764000	2663	62.1	19.7	18.2	28.95	33.15
tig00000001	764001	766000	2596	64.35	19.85	15.8	29.95	34.4
tig00000001	766001	768000	2408	62.85	20.6	16.55	31.45	31.4
tig00000001	768001	770000	2315	59.2	22.75	18.05	30.4	28.8
tig00000001	770001	772000	2201	57.6	22.05	20.35	26.5	31.1
tig00000001	772001	774000	2244	59.05	17.85	23.1	28.95	30.1
tig00000001	774001	776000	2112	64.0	20.0	16.0	30.7	33.3
tig00000001	776001	778000	2486	60.7	21.3	18.0	29.0	31.7
tig00000001	778001	780000	2218	58.9	19.05	22.05	30.6	28.3
tig00000001	780001	782000	2614	60.0	18.85	21.15	25.8	34.2
tig00000001	782001	784000	2755	60.65	21.6	17.75	23.95	36.7
tig00000001	784001	786000	2558	58.3	24.1	17.6	23.55	34.75
tig00000001	786001	788000	2408	59.65	20.95	19.4	29.45	30.2
tig00000001	788001	790000	1859	61.15	17.7	21.15	28.55	32.6
tig00000001	790001	792000	2085	60.25	21.55	18.2	23.2	37.05
tig00000001	792001	794000	1641	58.55	24.4	17.05	22.75	35.8
tig00000001	794001	796000	2355	60.3	21.65	18.05	30.7	29.6
tig00000001	796001	798000	2599	60.05	19.65	20.3	29.5	30.55
tig00000001	798001	800000	2467	62.15	21.4	16.45	30.9	31.25
tig00000001	800001	802000	2697	62.75	18.0	19.25	29.55	33.2
tig00000001	802001	804000	2489	57.45	23.05	19.5	27.55	29.9
tig00000001	804001	806000	2310	58.8	23.2	18.0	29.5	29.3
tig00000001	806001	808000	2419	58.15	21.85	20.0	26.4	31.75
tig00000001	808001	810000	2769	62.15	20.15	17.7	33.5	28.65
tig00000001	810001	812000	2758	60.7	17.05	22.25	29.7	31.0
tig00000001	812001	814000	2710	65.4	16.7	17.9	32.05	33.35
tig00000001	814001	816000	2968	64.8	17.15	18.05	29.2	35.6
tig00000001	816001	818000	2759	63.5	17.65	18.85	30.85	32.65
tig00000001	818001	820000	2851	65.6	13.8	20.6	32.55	33.05
tig00000001	820001	822000	2612	63.35	19.65	17.0	32.45	30.9
tig00000001	822001	824000	2742	65.8	15.35	18.85	32.8	33.0
tig00000001	824001	826000	2694	62.25	18.2	19.55	30.3	31.95
tig00000001	826001	828000	2481	62.55	16.9	20.55	32.2	30.35
tig00000001	828001	830000	2613	60.75	18.9	20.35	29.05	31.7
tig00000001	830001	832000	2694	64.25	17.95	17.8	30.85	33.4
tig00000001	832001	834000	2551	58.9	23.75	17.35	28.25	30.65
tig00000001	834001	836000	2701	60.75	24.6	14.65	28.55	32.2
tig00000001	836001	838000	2712	64.9	18.1	17.0	32.95	31.95
tig00000001	838001	840000	2662	63.1	19.35	17.55	30.45	32.65
tig00000001	840001	842000	2813	62.8	22.05	15.15	28.6	34.2
tig00000001	842001	844000	2793	63.5	19.1	17.4	29.05	34.45
tig00000001	844001	846000	2707	64.15	16.8	19.05	28.75	35.4
tig00000001	846001	848000	2599	62.85	21.7	15.45	29.85	33.0
tig00000001	848001	850000	2394	62.1	17.1	20.8	30.45	31.65
tig00000001	850001	852000	2130	59.75	18.65	21.6	29.35	30.4
tig00000001	852001	854000	2250	61.75	17.45	20.8	28.9	32.85
tig00000001	854001	856000	2476	57.3	22.45	20.25	28.2	29.1
tig00000001	856001	858000	2590	61.35	22.05	16.6	28.9	32.45
tig00000001	858001	860000	2611	60.55	20.8	18.65	29.4	31.15
tig00000001	860001	862000	2626	62.0	21.2	16.8	32.7	29.3
tig00000001	862001	864000	2658	63.25	22.05	14.7	31.05	32.2
tig00000001	864001	866000	2617	65.1	19.4	15.5	30.65	34.45
tig00000001	866001	868000	2428	61.05	18.7	20.25	28.1	32.95
tig00000001	868001	870000	2350	58.4	19.9	21.7	29.4	29.0
tig00000001	870001	872000	2508	61.5	19.75	18.75	31.4	30.1
tig00000001	872001	874000	2448	59.95	21.15	18.9	31.3	28.65
tig00000001	874001	876000	2309	56.3	20.55	23.15	28.9	27.4
tig00000001	876001	878000	2513	55.35	19.4	25.25	28.55	26.8
tig00000001	878001	880000	2651	59.15	20.95	19.9	30.55	28.6
tig00000001	880001	882000	2697	63.95	18.6	17.45	32.95	31.0
tig00000001	882001	884000	2479	59.45	20.2	20.35	32.05	27.4
tig00000001	884001	886000	2517	55.35	22.15	22.5	32.45	22.9
tig00000001	886001	888000	2318	53.95	21.25	24.8	30.75	23.2
tig00000001	888001	890000	2133	41.8	23.35	34.85	25.05	16.75
tig00000001	890001	892000	2115	51.25	23.85	24.9	27.3	23.95
tig00000001	892001	894000	2110	49.3	24.0	26.7	27.1	22.2
tig00000001	894001	896000	2444	53.65	24.0	22.35	31.5	22.15
tig00000001	896001	898000	2319	52.35	20.4	27.25	26.0	26.35
tig00000001	898001	900000	2360	53.7	22.45	23.85	29.95	23.75
tig00000001	900001	902000	2365	56.45	20.05	23.5	30.3	26.15
tig00000001	902001	904000	2560	61.1	19.15	19.75	32.25	28.85
tig00000001	904001	906000	2475	61.9	17.35	20.75	30.6	31.3
tig00000001	906001	908000	2606	56.8	20.5	22.7	31.55	25.25
tig00000001	908001	910000	2370	65.05	17.95	17.0	32.5	32.55
tig00000001	910001	912000	2246	59.4	20.35	20.25	31.45	27.95
tig00000001	912001	914000	2213	56.35	18.65	25.0	29.4	26.95
tig00000001	914001	916000	2270	58.6	18.1	23.3	31.05	27.55
tig00000001	916001	918000	2488	59.4	20.0	20.6	29.8	29.6
tig00000001	918001	920000	2676	62.55	17.2	20.25	34.25	28.3
tig00000001	920001	922000	2548	61.7	18.0	20.3	33.2	28.5
tig00000001	922001	924000	2385	59.3	18.5	22.2	30.05	29.25
tig00000001	924001	926000	2537	59.1	18.8	22.1	30.4	28.7
tig00000001	926001	928000	2455	58.05	23.1	18.85	30.8	27.25
tig00000001	928001	930000	2470	61.5	19.1	19.4	32.15	29.35
tig00000001	930001	932000	2637	63.85	16.65	19.5	33.3	30.55
tig00000001	932001	934000	2698	63.35	17.55	19.1	32.65	30.7
tig00000001	934001	936000	2547	66.8	14.35	18.85	32.8	34.0
tig00000001	936001	938000	2519	59.8	19.85	20.35	31.85	27.95
tig00000001	938001	940000	2606	59.45	21.4	19.15	31.65	27.8
tig00000001	940001	942000	2215	60.1	22.0	17.9	27.6	32.5
tig00000001	942001	944000	2351	57.7	18.0	24.3	31.95	25.75
tig00000001	944001	946000	2502	61.15	20.55	18.3	34.15	27.0
tig00000001	946001	948000	2582	62.8	19.9	17.3	32.6	30.2
tig00000001	948001	950000	2474	61.35	16.5	22.15	32.5	28.85
tig00000001	950001	952000	2631	63.6	15.05	21.35	33.3	30.3
tig00000001	952001	954000	2451	62.5	16.15	21.35	31.9	30.6
tig00000001	954001	956000	2607	62.65	19.95	17.4	33.15	29.5
tig00000001	956001	958000	2619	64.25	16.55	19.2	33.0	31.25
tig00000001	958001	960000	2411	59.1	17.9	23.0	32.7	26.4
tig00000001	960001	962000	2804	67.0	15.95	17.05	37.25	29.75
tig00000001	962001	964000	2602	63.35	18.85	17.8	31.45	31.9
tig00000001	964001	966000	2440	60.5	17.65	21.85	33.95	26.55
tig00000001	966001	968000	2244	54.75	21.75	23.5	28.3	26.45
tig00000001	968001	970000	2837	61.8	17.25	20.95	30.1	31.7
tig00000001	970001	972000	2651	63.15	16.5	20.35	31.95	31.2
tig00000001	972001	974000	2608	61.85	13.55	24.6	32.8	29.05
tig00000001	974001	976000	2373	59.75	18.85	21.4	31.4	28.35
tig00000001	976001	978000	2636	61.25	19.65	19.1	31.4	29.85
tig00000001	978001	980000	2691	63.35	17.25	19.4	32.95	30.4
tig00000001	980001	982000	2715	64.55	17.45	18.0	34.7	29.85
tig00000001	982001	984000	2771	61.2	16.3	22.5	32.4	28.8
tig00000001	984001	986000	2723	62.0	17.55	20.45	34.95	27.05
tig00000001	986001	988000	2623	63.05	15.3	21.65	32.75	30.3
tig00000001	988001	990000	2268	61.6	16.5	21.9	31.75	29.85
tig00000001	990001	992000	2814	62.4	19.25	18.35	32.75	29.65
tig00000001	992001	994000	2771	63.8	14.8	21.4	35.95	27.85
tig00000001	994001	996000	2677	63.4	16.5	20.1	31.45	31.95
tig00000001	996001	998000	2690	63.05	17.05	19.9	28.5	34.55
tig00000001	998001	1000000	2604	61.1	17.75	21.15	30.45	30.65
tig00000001	1000001	1002000	2637	64.75	17.6	17.65	30.75	34.0
tig00000001	1002001	1004000	2572	61.9	18.7	19.4	32.1	29.8
tig00000001	1004001	1006000	2623	63.65	17.1	19.25	30.6	33.05
tig00000001	1006001	1008000	2605	63.05	21.25	15.7	32.25	30.8
tig00000001	1008001	1010000	2715	64.35	19.0	16.65	31.9	32.45
tig00000001	1010001	1012000	2651	62.1	21.1	16.8	29.7	32.4
tig00000001	1012001	1014000	2636	63.75	17.2	19.05	31.1	32.65
tig00000001	1014001	1016000	2883	67.8	16.95	15.25	35.05	32.75
tig00000001	1016001	1018000	2811	66.1	16.85	17.05	33.55	32.55
tig00000001	1018001	1020000	2669	61.0	17.65	21.35	32.95	28.05
tig00000001	1020001	1022000	2707	61.8	17.35	20.85	31.7	30.1
tig00000001	1022001	1024000	2434	61.5	21.15	17.35	31.45	30.05
tig00000001	1024001	1026000	2479	64.85	14.95	20.2	32.8	32.05
tig00000001	1026001	1028000	2323	60.85	18.65	20.5	32.55	28.3
tig00000001	1028001	1030000	2504	60.45	21.0	18.55	30.1	30.35
tig00000001	1030001	1032000	2392	62.1	19.8	18.1	30.8	31.3
tig00000001	1032001	1034000	2428	60.0	18.55	21.45	31.15	28.85
tig00000001	1034001	1036000	2410	61.9	20.8	17.3	30.9	31.0
tig00000001	1036001	1038000	2465	62.95	18.05	19.0	31.3	31.65
tig00000001	1038001	1040000	2551	60.95	15.05	24.0	31.95	29.0
tig00000001	1040001	1042000	2653	63.65	19.05	17.3	33.25	30.4
tig00000001	1042001	1044000	2444	61.2	19.75	19.05	30.85	30.35
tig00000001	1044001	1046000	2762	63.05	16.6	20.35	30.85	32.2
tig00000001	1046001	1048000	2766	62.25	18.05	19.7	32.85	29.4
tig00000001	1048001	1050000	2645	58.55	20.2	21.25	29.6	28.95
tig00000001	1050001	1052000	2779	63.05	20.1	16.85	33.3	29.75
tig00000001	1052001	1054000	2682	64.7	16.25	19.05	33.55	31.15
tig00000001	1054001	1056000	2533	61.5	19.8	18.7	32.4	29.1
tig00000001	1056001	1058000	2553	60.3	16.2	23.5	34.4	25.9
tig00000001	1058001	1060000	2283	57.55	17.7	24.75	31.7	25.85
tig00000001	1060001	1062000	2669	63.55	16.75	19.7	35.55	28.0
tig00000001	1062001	1064000	2845	62.65	17.9	19.45	34.1	28.55
tig00000001	1064001	1066000	2729	62.0	13.65	24.35	34.45	27.55
tig00000001	1066001	1068000	2947	65.2	15.8	19.0	36.35	28.85
tig00000001	1068001	1070000	2717	65.1	13.55	21.35	36.05	29.05
tig00000001	1070001	1072000	2647	61.2	17.95	20.85	34.2	27.0
tig00000001	1072001	1074000	2734	62.05	17.85	20.1	31.6	30.45
tig00000001	1074001	1076000	2547	61.45	18.55	20.0	29.65	31.8
tig00000001	1076001	1078000	2582	65.05	18.6	16.35	34.9	30.15
tig00000001	1078001	1080000	2855	62.0	18.0	20.0	29.55	32.45
tig00000001	1080001	1082000	2734	62.2	19.5	18.3	32.0	30.2
tig00000001	1082001	1084000	2689	64.05	19.45	16.5	30.95	33.1
tig00000001	1084001	1086000	2646	64.0	20.1	15.9	32.45	31.55
tig00000001	1086001	1088000	2621	63.75	21.45	14.8	31.4	32.35
tig00000001	1088001	1090000	2560	62.35	18.7	18.95	32.6	29.75
tig00000001	1090001	1092000	2867	64.0	17.1	18.9	33.75	30.25
tig00000001	1092001	1094000	2621	63.3	16.8	19.9	32.45	30.85
tig00000001	1094001	1096000	2327	58.5	19.9	21.6	31.95	26.55
tig00000001	1096001	1098000	2915	66.95	15.0	18.05	38.7	28.25
tig00000001	1098001	1100000	2981	65.5	14.7	19.8	37.4	28.1
tig00000001	1100001	1102000	2842	66.45	17.45	16.1	35.45	31.0
tig00000001	1102001	1104000	2598	65.2	20.25	14.55	31.9	33.3
tig00000001	1104001	1106000	2685	62.95	19.6	17.45	30.95	32.0
tig00000001	1106001	1108000	2767	61.45	19.55	19.0	30.35	31.1
tig00000001	1108001	1110000	2429	62.9	19.85	17.25	32.05	30.85
tig00000001	1110001	1112000	2626	63.4	12.1	24.5	31.45	31.95
tig00000001	1112001	1114000	2439	61.3	19.35	19.35	31.25	30.05
tig00000001	1114001	1116000	2699	61.25	17.15	21.6	29.2	32.05
tig00000001	1116001	1118000	2744	66.1	18.55	15.35	33.2	32.9
tig00000001	1118001	1120000	2398	63.25	19.6	17.15	32.3	30.95
tig00000001	1120001	1122000	2615	65.75	18.5	15.75	32.45	33.3
tig00000001	1122001	1124000	2779	61.1	20.1	18.8	30.65	30.45
tig00000001	1124001	1126000	2490	59.45	22.8	17.75	30.05	29.4
tig00000001	1126001	1128000	2222	58.85	20.85	20.3	29.1	29.75
tig00000001	1128001	1130000	2587	63.85	17.95	18.2	33.4	30.45
tig00000001	1130001	1132000	2286	55.05	24.3	20.65	31.95	23.1
tig00000001	1132001	1134000	2473	59.05	19.0	21.95	33.75	25.3
tig00000001	1134001	1136000	2639	62.75	17.55	19.7	34.25	28.5
tig00000001	1136001	1138000	2326	62.2	17.05	20.75	32.9	29.3
tig00000001	1138001	1140000	2755	63.1	19.8	17.1	31.75	31.35
tig00000001	1140001	1142000	2617	60.25	19.05	20.7	34.4	25.85
tig00000001	1142001	1144000	2534	59.25	20.45	20.3	32.5	26.75
tig00000001	1144001	1146000	2658	63.7	19.4	16.9	33.1	30.6
tig00000001	1146001	1148000	2210	57.1	20.85	22.05	32.2	24.9
tig00000001	1148001	1150000	2697	63.45	18.85	17.7	34.35	29.1
tig00000001	1150001	1152000	2465	59.95	19.6	20.45	33.25	26.7
tig00000001	1152001	1154000	2536	63.7	19.2	17.1	34.3	29.4
tig00000001	1154001	1156000	2539	60.95	22.7	16.35	29.85	31.1
tig00000001	1156001	1158000	2641	61.75	17.05	21.2	33.15	28.6
tig00000001	1158001	1160000	2455	59.75	19.95	20.3	32.15	27.6
tig00000001	1160001	1162000	2738	60.85	20.95	18.2	32.05	28.8
tig00000001	1162001	1164000	2660	64.2	17.95	17.85	33.55	30.65
tig00000001	1164001	1166000	2780	62.3	16.8	20.9	36.8	25.5
tig00000001	1166001	1168000	2837	68.0	15.85	16.15	35.0	33.0
tig00000001	1168001	1170000	2543	61.65	18.2	20.15	31.0	30.65
tig00000001	1170001	1172000	2730	64.1	18.95	16.95	33.9	30.2
tig00000001	1172001	1174000	2392	57.4	24.4	18.2	30.45	26.95
tig00000001	1174001	1176000	2276	56.75	27.15	16.1	27.85	28.9
tig00000001	1176001	1178000	2534	61.55	23.85	14.6	31.65	29.9
tig00000001	1178001	1180000	2496	61.7	23.1	15.2	31.15	30.55
tig00000001	1180001	1182000	2516	62.9	18.35	18.75	33.65	29.25
tig00000001	1182001	1184000	2555	62.9	16.75	20.35	32.65	30.25
tig00000001	1184001	1186000	2549	61.9	20.1	18.0	32.05	29.85
tig00000001	1186001	1188000	2832	63.9	18.45	17.65	36.55	27.35
tig00000001	1188001	1190000	2522	59.8	19.25	20.95	33.05	26.75
tig00000001	1190001	1192000	2564	63.4	19.65	16.95	33.15	30.25
tig00000001	1192001	1194000	2389	57.85	20.85	21.3	33.7	24.15
tig00000001	1194001	1196000	2806	63.85	15.35	20.8	32.35	31.5
tig00000001	1196001	1198000	2638	63.35	17.1	19.55	33.0	30.35
tig00000001	1198001	1200000	2774	61.75	18.35	19.9	32.15	29.6
tig00000001	1200001	1202000	2766	63.05	16.65	20.3	31.45	31.6
tig00000001	1202001	1204000	2664	61.0	16.8	22.2	30.8	30.2
tig00000001	1204001	1206000	2294	60.6	20.4	19.0	32.6	28.0
tig00000001	1206001	1208000	2827	63.35	16.4	20.25	33.65	29.7
tig00000001	1208001	1210000	2726	64.5	17.7	17.8	31.75	32.75
tig00000001	1210001	1212000	2885	63.95	21.55	14.5	33.75	30.2
tig00000001	1212001	1214000	2642	63.35	21.35	15.3	33.35	30.0
tig00000001	1214001	1216000	2580	61.95	20.45	17.6	30.35	31.6
tig00000001	1216001	1218000	2676	61.65	18.9	19.45	32.15	29.5
tig00000001	1218001	1220000	2698	64.75	19.45	15.8	32.1	32.65
tig00000001	1220001	1222000	2628	62.6	17.5	19.9	32.7	29.9
tig00000001	1222001	1224000	2630	62.85	19.15	18.0	32.95	29.9
tig00000001	1224001	1226000	2747	65.25	21.35	13.4	32.3	32.95
tig00000001	1226001	1228000	2517	60.75	21.55	17.7	33.45	27.3
tig00000001	1228001	1230000	2542	61.05	19.85	19.1	32.6	28.45
tig00000001	1230001	1232000	2895	66.45	17.9	15.65	35.25	31.2
tig00000001	1232001	1234000	2590	60.65	20.75	18.6	31.4	29.25
tig00000001	1234001	1236000	2442	62.85	21.35	15.8	31.3	31.55
tig00000001	1236001	1238000	2534	63.05	19.1	17.85	30.95	32.1
tig00000001	1238001	1240000	2801	64.15	19.95	15.9	34.4	29.75
tig00000001	1240001	1242000	2846	66.15	19.25	14.6	33.2	32.95
tig00000001	1242001	1244000	2768	66.45	18.25	15.3	32.15	34.3
tig00000001	1244001	1246000	2800	67.35	17.3	15.35	32.1	35.25
tig00000001	1246001	1248000	2780	65.9	17.05	17.05	31.3	34.6
tig00000001	1248001	1250000	2858	68.4	16.35	15.25	34.3	34.1
tig00000001	1250001	1252000	2710	67.6	17.8	14.6	33.7	33.9
tig00000001	1252001	1254000	2682	62.5	18.2	19.3	32.3	30.2
tig00000001	1254001	1256000	2826	62.15	17.95	19.9	32.0	30.15
tig00000001	1256001	1258000	3006	65.65	19.3	15.05	31.4	34.25
tig00000001	1258001	1260000	2365	59.1	22.7	18.2	29.0	30.1
tig00000001	1260001	1262000	2545	61.8	18.2	20.0	31.95	29.85
tig00000001	1262001	1264000	2577	61.35	17.35	21.3	31.75	29.6
tig00000001	1264001	1266000	2816	62.7	18.5	18.8	34.8	27.9
tig00000001	1266001	1268000	2684	62.9	19.15	17.95	33.7	29.2
tig00000001	1268001	1270000	2683	63.2	20.1	16.7	33.85	29.35
tig00000001	1270001	1272000	2686	64.55	20.1	15.35	31.15	33.4
tig00000001	1272001	1274000	2775	63.15	23.95	12.9	31.4	31.75
tig00000001	1274001	1276000	2189	62.6	19.6	17.8	31.35	31.25
tig00000001	1276001	1278000	2790	62.9	16.3	20.8	32.8	30.1
tig00000001	1278001	1280000	2802	64.9	19.65	15.45	32.75	32.15
tig00000001	1280001	1282000	2692	64.35	19.25	16.4	33.45	30.9
tig00000001	1282001	1284000	2749	62.15	21.05	16.8	29.75	32.4
tig00000001	1284001	1286000	2743	62.1	18.25	19.65	28.65	33.45
tig00000001	1286001	1288000	2711	62.8	17.45	19.75	30.15	32.65
tig00000001	1288001	1290000	2373	57.15	17.85	25.0	28.1	29.05
tig00000001	1290001	1292000	2482	60.95	21.45	17.6	30.75	30.2
tig00000001	1292001	1294000	2662	63.6	20.75	15.65	31.5	32.1
tig00000001	1294001	1296000	2576	63.15	19.25	17.6	31.35	31.8
tig00000001	1296001	1298000	2581	60.35	20.8	18.85	29.5	30.85
tig00000001	1298001	1300000	2502	60.65	20.4	18.95	31.3	29.35
tig00000001	1300001	1302000	2368	58.95	21.5	19.55	31.15	27.8
tig00000001	1302001	1304000	2405	59.15	19.4	21.45	31.25	27.9
tig00000001	1304001	1306000	2444	61.5	17.7	20.8	31.05	30.45
tig00000001	1306001	1308000	2750	62.35	17.15	20.5	32.95	29.4
tig00000001	1308001	1310000	2516	60.05	17.95	22.0	32.1	27.95
tig00000001	1310001	1312000	2705	62.95	19.45	17.6	33.55	29.4
tig00000001	1312001	1314000	2718	61.65	20.15	18.2	31.1	30.55
tig00000001	1314001	1316000	2387	62.25	18.8	18.95	32.1	30.15
tig00000001	1316001	1318000	2592	62.65	17.35	20.0	33.7	28.95
tig00000001	1318001	1320000	2698	61.1	20.45	18.45	30.8	30.3
tig00000001	1320001	1322000	2527	62.5	21.05	16.45	29.6	32.9
tig00000001	1322001	1324000	2642	59.65	17.45	22.9	29.6	30.05
tig00000001	1324001	1326000	2417	60.35	21.7	17.95	30.1	30.25
tig00000001	1326001	1328000	2551	60.2	22.8	17.0	28.65	31.55
tig00000001	1328001	1330000	2381	59.75	22.25	18.0	29.75	30.0
tig00000001	1330001	1332000	2511	59.75	23.0	17.25	29.65	30.1
tig00000001	1332001	1334000	2445	62.4	21.5	16.1	31.6	30.8
tig00000001	1334001	1336000	2345	57.75	22.0	20.25	28.3	29.45
tig00000001	1336001	1338000	2338	58.7	23.75	17.55	30.0	28.7
tig00000001	1338001	1340000	2344	61.05	21.4	17.55	29.2	31.85
tig00000001	1340001	1342000	2542	61.65	18.5	19.85	33.1	28.55
tig00000001	1342001	1344000	2623	63.75	21.9	14.35	31.2	32.55
tig00000001	1344001	1346000	2734	65.4	19.25	15.35	33.1	32.3
tig00000001	1346001	1348000	2687	64.1	21.4	14.5	32.55	31.55
tig00000001	1348001	1350000	2776	63.35	19.75	16.9	32.5	30.85
tig00000001	1350001	1352000	2505	62.3	19.4	18.3	31.05	31.25
tig00000001	1352001	1354000	2548	61.9	14.35	23.75	29.8	32.1
tig00000001	1354001	1356000	2477	58.7	19.65	21.65	30.85	27.85
tig00000001	1356001	1358000	2629	60.45	19.45	20.1	31.45	29.0
tig00000001	1358001	1360000	2413	62.4	20.65	16.95	30.6	31.8
tig00000001	1360001	1362000	2751	62.15	16.4	21.45	31.95	30.2
tig00000001	1362001	1364000	2680	63.45	17.15	19.4	33.55	29.9
tig00000001	1364001	1366000	2610	62.85	16.8	20.35	29.45	33.4
tig00000001	1366001	1368000	2904	64.5	17.85	17.65	32.15	32.35
tig00000001	1368001	1370000	2654	61.75	21.5	16.75	29.8	31.95
tig00000001	1370001	1372000	2569	64.55	17.55	17.9	31.0	33.55
tig00000001	1372001	1374000	2624	61.95	20.3	17.75	31.6	30.35
tig00000001	1374001	1376000	2542	59.3	20.25	20.45	29.15	30.15
tig00000001	1376001	1378000	2629	61.75	22.15	16.1	29.3	32.45
tig00000001	1378001	1380000	2354	60.05	20.0	19.95	28.75	31.3
tig00000001	1380001	1382000	2642	61.65	21.1	17.25	30.1	31.55
tig00000001	1382001	1384000	2497	61.1	18.35	20.55	28.8	32.3
tig00000001	1384001	1386000	2492	63.05	17.3	19.65	31.65	31.4
tig00000001	1386001	1388000	2520	57.85	23.5	18.65	28.7	29.15
tig00000001	1388001	1390000	2575	62.3	20.05	17.65	32.6	29.7
tig00000001	1390001	1392000	2491	60.3	17.35	22.35	29.85	30.45
tig00000001	1392001	1394000	2699	63.1	18.1	18.8	30.95	32.15
tig00000001	1394001	1396000	2463	60.85	20.7	18.45	32.6	28.25
tig00000001	1396001	1398000	2288	61.05	20.35	18.6	29.4	31.65
tig00000001	1398001	1400000	2207	60.65	20.15	19.2	31.2	29.45
tig00000001	1400001	1402000	2306	58.5	21.55	19.95	29.2	29.3
tig00000001	1402001	1404000	2483	60.1	18.8	21.1	31.7	28.4
tig00000001	1404001	1406000	2586	57.75	19.95	22.3	31.55	26.2
tig00000001	1406001	1408000	2435	59.85	22.55	17.6	33.6	26.25
tig00000001	1408001	1410000	2216	60.4	20.15	19.45	29.5	30.9
tig00000001	1410001	1412000	2559	61.6	23.25	15.15	34.45	27.15
tig00000001	1412001	1414000	2508	60.15	23.15	16.7	31.85	28.3
tig00000001	1414001	1416000	2561	61.8	20.05	18.15	31.75	30.05
tig00000001	1416001	1418000	2606	60.65	24.85	14.5	32.5	28.15
tig00000001	1418001	1420000	2600	63.2	18.6	18.2	33.85	29.35
tig00000001	1420001	1422000	2524	57.9	21.25	20.85	31.25	26.65
tig00000001	1422001	1424000	2545	59.85	19.4	20.75	33.3	26.55
tig00000001	1424001	1426000	2647	61.8	18.85	19.35	34.75	27.05
tig00000001	1426001	1428000	2578	61.25	18.75	20.0	33.7	27.55
tig00000001	1428001	1430000	2190	57.85	19.45	22.7	28.85	29.0
tig00000001	1430001	1432000	2118	56.55	17.3	26.15	29.15	27.4
tig00000001	1432001	1434000	2388	59.85	18.45	21.7	32.35	27.5
tig00000001	1434001	1436000	2546	56.5	21.6	21.9	31.2	25.3
tig00000001	1436001	1438000	2214	59.25	19.0	21.75	33.6	25.65
tig00000001	1438001	1440000	2253	58.1	18.6	23.3	30.15	27.95
tig00000001	1440001	1442000	2288	57.35	20.8	21.85	29.35	28.0
tig00000001	1442001	1444000	2673	62.75	16.3	20.95	33.0	29.75
tig00000001	1444001	1446000	2444	62.7	19.3	18.0	31.5	31.2
tig00000001	1446001	1448000	2439	59.55	22.8	17.65	30.95	28.6
tig00000001	1448001	1450000	2658	64.2	19.6	16.2	32.4	31.8
tig00000001	1450001	1452000	2416	60.4	20.5	19.1	30.9	29.5
tig00000001	1452001	1454000	2286	62.05	17.2	20.75	31.85	30.2
tig00000001	1454001	1456000	2573	61.3	19.6	19.1	30.6	30.7
tig00000001	1456001	1458000	2305	58.7	18.65	22.65	30.25	28.45
tig00000001	1458001	1460000	2351	57.0	21.05	21.95	31.1	25.9
tig00000001	1460001	1462000	2489	61.3	21.1	17.6	28.3	33.0
tig00000001	1462001	1464000	2709	66.8	16.45	16.75	37.75	29.05
tig00000001	1464001	1466000	2285	58.2	21.1	20.7	30.65	27.55
tig00000001	1466001	1468000	2237	57.65	20.6	21.75	28.1	29.55
tig00000001	1468001	1470000	2115	61.65	18.4	19.95	30.75	30.9
tig00000001	1470001	1472000	2394	61.85	17.6	20.55	34.6	27.25
tig00000001	1472001	1474000	2679	62.3	17.15	20.55	34.1	28.2
tig00000001	1474001	1476000	2354	62.7	18.9	18.4	32.35	30.35
tig00000001	1476001	1478000	2417	62.2	18.75	19.05	32.4	29.8
tig00000001	1478001	1480000	2602	61.25	21.8	16.95	31.8	29.45
tig00000001	1480001	1482000	2513	63.65	17.3	19.05	32.25	31.4
tig00000001	1482001	1484000	2478	61.6	18.35	20.05	29.4	32.2
tig00000001	1484001	1486000	2227	59.9	22.4	17.7	30.6	29.3
tig00000001	1486001	1488000	2513	61.65	19.0	19.35	31.95	29.7
tig00000001	1488001	1490000	2449	62.45	19.05	18.5	33.3	29.15
tig00000001	1490001	1492000	2125	59.35	20.35	20.3	30.05	29.3
tig00000001	1492001	1494000	2374	59.0	19.65	21.35	29.8	29.2
tig00000001	1494001	1496000	2373	59.1	21.7	19.2	29.4	29.7
tig00000001	1496001	1498000	2559	63.05	17.5	19.45	31.15	31.9
tig00000001	1498001	1500000	2305	61.55	20.8	17.65	30.3	31.25
tig00000001	1500001	1502000	2505	61.3	21.65	17.05	31.8	29.5
tig00000001	1502001	1504000	2290	60.9	21.25	17.85	29.6	31.3
tig00000001	1504001	1506000	2558	58.85	24.35	16.8	32.8	26.05
tig00000001	1506001	1508000	2512	59.0	23.25	17.75	31.45	27.55
tig00000001	1508001	1510000	2480	58.7	21.9	19.4	30.6	28.1
tig00000001	1510001	1512000	2299	53.95	21.9	24.15	30.35	23.6
tig00000001	1512001	1514000	2359	58.1	17.95	23.95	33.15	24.95
tig00000001	1514001	1516000	2633	62.65	19.0	18.35	32.15	30.5
tig00000001	1516001	1518000	2353	59.05	22.3	18.65	32.25	26.8
tig00000001	1518001	1520000	2511	62.4	18.35	19.25	31.1	31.3
tig00000001	1520001	1522000	2492	63.25	16.65	20.1	33.2	30.05
tig00000001	1522001	1524000	2417	62.65	18.25	19.1	31.9	30.75
tig00000001	1524001	1526000	2652	60.5	16.85	22.65	29.9	30.6
tig00000001	1526001	1528000	2486	57.8	19.7	22.5	30.35	27.45
tig00000001	1528001	1530000	2328	56.95	21.1	21.95	29.65	27.3
tig00000001	1530001	1532000	2344	56.35	20.45	23.2	30.4	25.95
tig00000001	1532001	1534000	2046	52.1	26.75	21.15	26.45	25.65
tig00000001	1534001	1536000	2102	52.95	23.85	23.2	28.95	24.0
tig00000001	1536001	1538000	2031	49.25	26.05	24.7	26.3	22.95
tig00000001	1538001	1540000	2625	58.65	21.4	19.95	32.5	26.15
tig00000001	1540001	1542000	2543	60.6	18.3	21.1	33.1	27.5
tig00000001	1542001	1544000	2524	59.5	21.85	18.65	31.6	27.9
tig00000001	1544001	1546000	2521	63.65	18.0	18.35	34.3	29.35
tig00000001	1546001	1548000	2651	61.45	20.4	18.15	29.5	31.95
tig00000001	1548001	1550000	2494	62.5	17.35	20.15	32.6	29.9
tig00000001	1550001	1552000	2701	61.8	19.65	18.55	30.05	31.75
tig00000001	1552001	1554000	2398	61.5	19.4	19.1	31.2	30.3
tig00000001	1554001	1556000	2458	60.75	21.3	17.95	30.05	30.7
tig00000001	1556001	1558000	2640	59.35	19.2	21.45	29.1	30.25
tig00000001	1558001	1560000	2546	62.65	18.4	18.95	30.75	31.9
tig00000001	1560001	1562000	2501	59.7	18.65	21.65	31.25	28.45
tig00000001	1562001	1564000	2340	59.25	21.0	19.75	32.75	26.5
tig00000001	1564001	1566000	2245	56.65	23.05	20.3	32.15	24.5
tig00000001	1566001	1568000	2175	53.2	21.95	24.85	28.75	24.45
tig00000001	1568001	1570000	2297	55.3	25.5	19.2	30.05	25.25
tig00000001	1570001	1572000	2287	56.0	23.15	20.85	27.6	28.4
tig00000001	1572001	1574000	2057	59.55	20.65	19.8	31.3	28.25
tig00000001	1574001	1576000	2568	64.0	16.95	19.05	32.75	31.25
tig00000001	1576001	1578000	2410	59.45	17.6	22.95	30.2	29.25
tig00000001	1578001	1580000	2502	61.05	19.75	19.2	30.75	30.3
tig00000001	1580001	1582000	2281	59.1	19.5	21.4	31.6	27.5
tig00000001	1582001	1584000	2309	58.45	22.95	18.6	30.65	27.8
tig00000001	1584001	1586000	2268	58.9	22.95	18.15	28.75	30.15
tig00000001	1586001	1588000	2231	58.7	23.7	17.6	28.3	30.4
tig00000001	1588001	1590000	2299	57.1	22.55	20.35	29.5	27.6
tig00000001	1590001	1592000	2415	61.25	20.1	18.65	31.0	30.25
tig00000001	1592001	1594000	2500	61.95	20.4	17.65	30.65	31.3
tig00000001	1594001	1596000	2835	62.25	20.85	16.9	32.15	30.1
tig00000001	1596001	1598000	2278	63.25	17.65	19.1	34.15	29.1
tig00000001	1598001	1600000	2621	58.1	21.3	20.6	31.2	26.9
tig00000001	1600001	1602000	2300	60.05	21.4	18.55	30.15	29.9
tig00000001	1602001	1604000	2810	63.2	17.45	19.35	34.85	28.35
tig00000001	1604001	1606000	2553	61.75	18.3	19.95	31.6	30.15
tig00000001	1606001	1608000	2542	61.5	17.85	20.65	31.8	29.7
tig00000001	1608001	1610000	2583	61.85	19.7	18.45	33.1	28.75
tig00000001	1610001	1612000	2495	59.8	21.95	18.25	29.7	30.1
tig00000001	1612001	1614000	2451	58.7	21.45	19.85	30.35	28.35
tig00000001	1614001	1616000	2523	59.8	22.45	17.75	30.9	28.9
tig00000001	1616001	1618000	2582	61.1	17.4	21.5	31.5	29.6
tig00000001	1618001	1620000	2495	59.55	18.55	21.9	29.4	30.15
tig00000001	1620001	1622000	2526	59.4	21.1	19.5	29.1	30.3
tig00000001	1622001	1624000	2567	61.95	19.7	18.35	30.85	31.1
tig00000001	1624001	1626000	2501	60.45	17.7	21.85	32.7	27.75
tig00000001	1626001	1628000	2204	57.6	21.9	20.5	30.15	27.45
tig00000001	1628001	1630000	2032	59.8	19.95	20.25	31.0	28.8
tig00000001	1630001	1632000	2259	58.55	22.5	18.95	29.8	28.75
tig00000001	1632001	1634000	2421	58.95	21.4	19.65	31.35	27.6
tig00000001	1634001	1636000	2303	58.55	18.7	22.75	33.0	25.55
tig00000001	1636001	1638000	2680	60.15	20.9	18.95	31.9	28.25
tig00000001	1638001	1640000	1996	57.25	23.8	18.95	30.4	26.85
tig00000001	1640001	1642000	2255	60.9	18.05	21.05	30.6	30.3
tig00000001	1642001	1644000	2479	61.35	20.25	18.4	30.4	30.95
tig00000001	1644001	1646000	2275	57.6	23.7	18.7	30.85	26.75
tig00000001	1646001	1648000	2440	58.8	21.75	19.45	31.5	27.3
tig00000001	1648001	1650000	2227	59.6	19.65	20.75	30.1	29.5
tig00000001	1650001	1652000	2341	57.85	18.6	23.55	29.5	28.35
tig00000001	1652001	1654000	2366	60.6	18.75	20.65	30.8	29.8
tig00000001	1654001	1656000	2389	59.8	18.55	21.65	29.85	29.95
tig00000001	1656001	1658000	2402	59.3	18.4	22.3	31.5	27.8
tig00000001	1658001	1660000	2496	61.7	20.4	17.9	32.3	29.4
tig00000001	1660001	1662000	2285	57.4	22.25	20.35	29.95	27.45
tig00000001	1662001	1664000	2320	58.8	24.0	17.2	29.0	29.8
tig00000001	1664001	1666000	1968	58.25	17.8	23.95	29.3	28.95
tig00000001	1666001	1668000	2475	62.2	19.8	18.0	31.4	30.8
tig00000001	1668001	1670000	2430	59.75	21.75	18.5	30.8	28.95
tig00000001	1670001	1672000	2416	59.05	19.9	21.05	30.85	28.2
tig00000001	1672001	1674000	2574	60.55	24.45	15.0	32.8	27.75
tig00000001	1674001	1676000	2456	59.95	19.5	20.55	30.2	29.75
tig00000001	1676001	1678000	2481	60.75	22.2	17.05	29.7	31.05
tig00000001	1678001	1680000	2554	60.45	22.15	17.4	32.05	28.4
tig00000001	1680001	1682000	2402	62.1	20.7	17.2	30.9	31.2
tig00000001	1682001	1684000	2335	60.75	20.1	19.15	32.75	28.0
tig00000001	1684001	1686000	2361	58.2	18.7	23.1	28.95	29.25
tig00000001	1686001	1688000	2415	59.9	19.05	21.05	30.95	28.95
tig00000001	1688001	1690000	2405	60.45	19.7	19.85	31.45	29.0
tig00000001	1690001	1692000	2319	58.0	21.2	20.8	29.1	28.9
tig00000001	1692001	1694000	2653	62.55	18.25	19.2	34.95	27.6
tig00000001	1694001	1696000	2616	63.0	17.05	19.95	33.4	29.6
tig00000001	1696001	1698000	2570	62.05	17.55	20.4	30.8	31.25
tig00000001	1698001	1700000	2433	59.25	17.1	23.65	30.6	28.65
tig00000001	1700001	1702000	2454	59.4	20.2	20.4	31.85	27.55
tig00000001	1702001	1704000	2374	60.45	20.8	18.75	31.5	28.95
tig00000001	1704001	1706000	2575	58.1	21.35	20.55	29.2	28.9
tig00000001	1706001	1708000	2408	61.3	19.7	19.0	32.15	29.15
tig00000001	1708001	1710000	2402	60.6	19.5	19.9	31.6	29.0
tig00000001	1710001	1712000	2412	61.05	19.95	19.0	32.2	28.85
tig00000001	1712001	1714000	2406	58.3	21.3	20.4	29.75	28.55
tig00000001	1714001	1716000	2198	59.7	19.55	20.75	29.8	29.9
tig00000001	1716001	1718000	2229	57.5	21.35	21.15	28.25	29.25
tig00000001	1718001	1720000	2432	59.7	22.5	17.8	31.3	28.4
tig00000001	1720001	1722000	2467	59.85	20.95	19.2	31.3	28.55
tig00000001	1722001	1724000	2309	58.8	18.85	22.35	29.7	29.1
tig00000001	1724001	1726000	2446	59.1	21.25	19.65	31.6	27.5
tig00000001	1726001	1728000	2348	61.45	20.25	18.3	32.45	29.0
tig00000001	1728001	1730000	2524	59.15	21.0	19.85	30.5	28.65
tig00000001	1730001	1732000	2490	60.65	20.45	18.9	32.0	28.65
tig00000001	1732001	1734000	2443	59.4	19.9	20.7	30.5	28.9
tig00000001	1734001	1736000	2343	59.3	22.45	18.25	31.2	28.1
tig00000001	1736001	1738000	2056	57.7	22.7	19.6	29.1	28.6
tig00000001	1738001	1740000	2335	58.25	21.05	20.7	29.55	28.7
tig00000001	1740001	1742000	2337	60.55	21.4	18.05	30.95	29.6
tig00000001	1742001	1744000	2313	60.85	20.0	19.15	31.5	29.35
tig00000001	1744001	1746000	2520	62.3	18.5	19.2	32.5	29.8
tig00000001	1746001	1748000	2571	60.95	23.1	15.95	29.3	31.65
tig00000001	1748001	1750000	2564	59.0	27.3	13.7	25.0	34.0
tig00000001	1750001	1752000	2377	56.9	19.05	24.05	31.45	25.45
tig00000001	1752001	1754000	2258	57.0	18.9	24.1	30.8	26.2
tig00000001	1754001	1756000	2009	57.25	19.75	23.0	29.25	28.0
tig00000001	1756001	1758000	2246	58.1	21.65	20.25	30.55	27.55
tig00000001	1758001	1760000	2398	58.5	21.75	19.75	29.05	29.45
tig00000001	1760001	1762000	2268	60.3	23.35	16.35	29.8	30.5
tig00000001	1762001	1764000	2213	58.8	22.6	18.6	30.5	28.3
tig00000001	1764001	1766000	2492	58.3	19.75	21.95	31.2	27.1
tig00000001	1766001	1768000	2235	58.05	21.75	20.2	29.55	28.5
tig00000001	1768001	1770000	2426	59.85	19.55	20.6	33.75	26.1
tig00000001	1770001	1772000	2328	59.25	20.3	20.45	30.05	29.2
tig00000001	1772001	1774000	2158	57.5	18.45	24.05	29.5	28.0
tig00000001	1774001	1776000	2382	60.35	21.4	18.25	31.15	29.2
tig00000001	1776001	1778000	2284	59.6	19.65	20.75	28.9	30.7
tig00000001	1778001	1780000	2220	58.35	21.0	20.65	29.6	28.75
tig00000001	1780001	1782000	2188	57.3	23.9	18.8	28.85	28.45
tig00000001	1782001	1784000	2329	59.0	18.4	22.6	30.75	28.25
tig00000001	1784001	1786000	2140	53.0	21.85	25.15	26.8	26.2
tig00000001	1786001	1788000	2286	59.5	18.4	22.1	28.35	31.15
tig00000001	1788001	1790000	2380	57.95	19.2	22.85	27.5	30.45
tig00000001	1790001	1792000	2377	58.3	19.7	22.0	29.7	28.6
tig00000001	1792001	1794000	2046	56.0	21.3	22.7	28.6	27.4
tig00000001	1794001	1796000	2328	61.5	18.2	20.3	29.35	32.15
tig00000001	1796001	1798000	2258	58.6	19.9	21.5	28.15	30.45
tig00000001	1798001	1800000	2325	58.25	21.2	20.55	29.15	29.1
tig00000001	1800001	1802000	2383	60.45	20.75	18.8	29.95	30.5
tig00000001	1802001	1804000	2166	57.2	19.8	23.0	29.15	28.05
tig00000001	1804001	1806000	2222	59.85	19.3	20.85	29.45	30.4
tig00000001	1806001	1808000	2253	60.0	18.25	21.75	30.4	29.6
tig00000001	1808001	1810000	2189	59.05	19.85	21.1	28.8	30.25
tig00000001	1810001	1812000	2135	59.35	18.15	22.5	30.4	28.95
tig00000001	1812001	1814000	2180	56.35	20.8	22.85	29.3	27.05
tig00000001	1814001	1816000	1900	53.7	22.35	23.95	25.75	27.95
tig00000001	1816001	1818000	2214	57.85	22.1	20.05	30.55	27.3
tig00000001	1818001	1820000	2076	59.3	17.25	23.45	30.8	28.5
tig00000001	1820001	1822000	2206	59.75	19.85	20.4	29.6	30.15
tig00000001	1822001	1824000	2140	60.8	20.95	18.25	28.9	31.9
tig00000001	1824001	1826000	2058	57.4	21.6	21.0	29.0	28.4
tig00000001	1826001	1828000	2239	57.2	18.6	24.2	28.6	28.6
tig00000001	1828001	1830000	1890	51.25	22.95	25.8	25.85	25.4
tig00000001	1830001	1832000	2152	59.7	20.7	19.6	28.9	30.8
tig00000001	1832001	1834000	2223	56.85	19.35	23.8	28.75	28.1
tig00000001	1834001	1836000	2173	57.2	19.7	23.1	27.45	29.75
tig00000001	1836001	1838000	2317	59.3	18.0	22.7	28.8	30.5
tig00000001	1838001	1840000	2121	59.55	18.4	22.05	30.3	29.25
tig00000001	1840001	1842000	2182	57.9	18.9	23.2	29.45	28.45
tig00000001	1842001	1844000	2157	59.45	21.65	18.9	28.8	30.65
tig00000001	1844001	1846000	2221	59.0	21.55	19.45	28.4	30.6
tig00000001	1846001	1848000	2179	55.75	19.45	24.8	28.4	27.35
tig00000001	1848001	1850000	2319	60.55	19.8	19.65	30.3	30.25
tig00000001	1850001	1852000	2323	59.5	21.15	19.35	31.4	28.1
tig00000001	1852001	1854000	1931	57.25	19.85	22.9	28.55	28.7
tig00000001	1854001	1856000	2114	54.8	22.2	23.0	28.3	26.5
tig00000001	1856001	1858000	2150	55.6	21.45	22.95	29.9	25.7
tig00000001	1858001	1860000	2334	60.25	17.55	22.2	31.45	28.8
tig00000001	1860001	1862000	2415	62.65	17.85	19.5	30.35	32.3
tig00000001	1862001	1864000	2297	61.4	15.85	22.75	32.2	29.2
tig00000001	1864001	1866000	2368	61.45	17.15	21.4	29.85	31.6
tig00000001	1866001	1868000	2358	62.9	18.1	19.0	29.95	32.95
tig00000001	1868001	1870000	2351	61.4	16.95	21.65	30.8	30.6
tig00000001	1870001	1872000	2165	60.95	18.25	20.8	31.2	29.75
tig00000001	1872001	1874000	2092	59.35	19.35	21.3	27.75	31.6
tig00000001	1874001	1876000	2416	62.4	16.75	20.85	30.0	32.4
tig00000001	1876001	1878000	2214	59.7	20.75	19.55	28.5	31.2
tig00000001	1878001	1880000	2271	64.1	17.25	18.65	31.55	32.55
tig00000001	1880001	1882000	2370	61.55	17.25	21.2	31.1	30.45
tig00000001	1882001	1884000	2185	60.5	19.5	20.0	30.5	30.0
tig00000001	1884001	1886000	2319	59.85	19.75	20.4	27.35	32.5
tig00000001	1886001	1888000	2164	59.65	19.3	21.05	29.85	29.8
tig00000001	1888001	1890000	2188	60.65	21.0	18.35	28.65	32.0
tig00000001	1890001	1892000	2022	59.4	19.95	20.65	28.95	30.45
tig00000001	1892001	1894000	2088	60.6	20.85	18.55	29.65	30.95
tig00000001	1894001	1896000	2150	59.9	20.75	19.35	29.45	30.45
tig00000001	1896001	1898000	2165	60.55	19.95	19.5	28.7	31.85
tig00000001	1898001	1900000	2229	59.2	19.95	20.85	29.4	29.8
tig00000001	1900001	1902000	2349	59.8	18.05	22.15	27.25	32.55
tig00000001	1902001	1904000	2187	59.15	19.45	21.4	27.05	32.1
tig00000001	1904001	1906000	2158	57.9	20.15	21.95	29.6	28.3
tig00000001	1906001	1908000	1918	58.05	19.7	22.25	26.55	31.5
tig00000001	1908001	1910000	2159	60.4	19.25	20.35	28.9	31.5
tig00000001	1910001	1912000	2175	59.65	18.7	21.65	29.75	29.9
tig00000001	1912001	1914000	2017	58.4	16.3	25.3	27.25	31.15
tig00000001	1914001	1916000	2078	59.5	20.3	20.2	29.2	30.3
tig00000001	1916001	1918000	2159	56.7	18.85	24.45	28.6	28.1
tig00000001	1918001	1920000	2129	58.35	17.5	24.15	28.05	30.3
tig00000001	1920001	1922000	2138	55.6	21.15	23.25	25.25	30.35
tig00000001	1922001	1924000	2071	55.2	24.05	20.75	24.5	30.7
tig00000001	1924001	1926000	2113	59.05	21.2	19.75	29.45	29.6
tig00000001	1926001	1928000	2559	63.05	17.3	19.65	29.15	33.9
tig00000001	1928001	1930000	2320	61.15	15.65	23.2	30.1	31.05
tig00000001	1930001	1932000	2297	61.55	18.1	20.35	29.75	31.8
tig00000001	1932001	1934000	2334	59.85	16.7	23.45	30.05	29.8
tig00000001	1934001	1936000	2110	59.65	17.75	22.6	30.9	28.75
tig00000001	1936001	1938000	2074	60.15	19.5	20.35	29.55	30.6
tig00000001	1938001	1940000	2261	57.9	21.05	21.05	29.7	28.2
tig00000001	1940001	1942000	2097	59.55	18.9	21.55	28.85	30.7
tig00000001	1942001	1944000	2282	58.85	20.75	20.4	30.0	28.85
tig00000001	1944001	1946000	1390	58.75	19.65	21.6	27.5	31.25
tig00000001	1946001	1948000	1393	56.45	20.7	22.85	27.15	29.3
tig00000001	1948001	1950000	1009	56.85	21.25	21.9	28.9	27.95
tig00000001	1950001	1952000	1211	58.5	22.1	19.4	31.0	27.5
tig00000001	1952001	1954000	1033	53.25	24.85	21.9	24.9	28.35
tig00000001	1954001	1956000	1225	57.2	22.35	20.45	26.75	30.45
tig00000001	1956001	1958000	872	53.05	22.25	24.7	25.9	27.15
tig00000001	1958001	1960000	897	49.55	22.45	28.0	23.15	26.4
tig00000001	1960001	1961629	889	57.03	22.04	20.93	28.48	28.55
